1010010 1011 143 1010101 123 1030 201 2210 230 
1001110 111 2120 156 1001 10020 87 75 210 131 
1001111 102 330 1033 84 211 85 133 2120 141 111 2120 
1000001 2220 124 225 2210 
1010101 143 1010010 1122 1011 134 1031 155 
1010000 1001001 2102 10002 234 135 
1001110 101 10011 124 330 1121 2111 243 2120 136 
1000010 1001 2211 203 304 86 
1000011 330 1121 10010 145 2220 111 2120 
1010111 102 310 1000001 10001 1003 243 2120 
1011010 1113 108 2111 243 2120 156 1003 230 
1001100 145 10010 145 10020 81 2120 124 
1010011 243 2120 125 230 1011 141 111 2120 
1010011 324 10002 314 153 140 
1010111 83 320 145 1122 1011 141 111 2120 
1001111 83 303 117 
1000111 76 141 105 145 1001 2211 
1001111 102 243 2120 125 204 153 
1001110 117 74 
1001100 211 103 210 111 2210 
1011010 1033 87 
1010111 72 2210 230 2111 244 1011 
1000010 1011 156 1110 214 1033 102 300 230 
1010000 1001001 2120 143 1010010 1122 
1000010 1021 2211 145 2220 123 
1001101 122 2211 212 1000001 
1001100 211 83 304 106 83 243 
1010000 1000001 10001 1001 10002 304 84 
1001011 304 85 123 1021 2220 105 145 1023 243 
1010000 1001100 145 2210 230 10010 
